1.0990947336759912 0.005055616554654117
1.1459440268057721 0.006006311302591594
1.1844886880691334 0.0071917026194099325
1.2243320321337299 0.008643086404103944
1.272832316718859 0.010192368689918017
1.3113193980416211 0.012363665956310988
1.3554351244151952 0.014997453466708647
1.4010350027935168 0.018192307304394605
1.4505642369914258 0.02219925021494039
1.493183840264134 0.026580585069558234
1.5433984362814843 0.03141536008742632
1.5952945266042087 0.03678632652514299
1.6489400547355137 0.04331623256727295
1.7114435445322902 0.05161914866847032
1.7836587256498706 0.061594545104113184
1.858922474564423 0.07361305080993188
1.946509375397292 0.08740307170398247
2.0526814901504005 0.10339222610073268
2.14813739335084 0.12343467433420396
2.2573121440805886 0.14588320477216793
2.381830288713558 0.17113725721571135
2.534044069319575 0.20244588809224187
2.707129934927459 0.23992617577227124
2.9039810658941647 0.2823849313505975
3.153929717830809 0.3322897060640112
3.4537557818783977 0.38913629972836733
3.782046202462674 0.4462659330746035
4.14150640580551 0.5028743097894626
4.535088020873089 0.5556725372074851
4.966064921129305 0.6119442039567442
5.437946626441146 0.6608432942853778
5.942394703722977 0.7123141136884846
6.526468281333237 0.7712294751218512
7.139936434750713 0.8003234941519309
7.818270166253141 0.8391207123599648
8.560936563824399 0.8562081348001237
9.374185560741855 0.8805659584492949
10.2646202203355 0.8931127060374263
11.239686549155259 0.914373388035253
12.307318404340599 0.926948587655036
13.476371851203663 0.9410940259893192
14.756424067465922 0.9490881148597028
16.158048194935365 0.9554708142612784
17.692768841533514 0.9579416910928388
19.373291751429488 0.9636677284878407
21.213471513167125 0.972707238221687
23.22834207939871 0.9732043980239136
25.43472086607962 0.9843705879118972
27.850554819051656 0.9867813688138048
30.495731084304317 0.9813489090706078
33.39179653767888 0.9554840894204599
36.56269823791114 0.9202665181600512
39.86839952420641 0.8188020897269388
42.58466043559253 0.6941227012346521
44.12511206223111 0.5828051291702128
46.42839970774233 0.46438076644436177
48.17958735352101 0.3814524834353606
49.06378076074493 0.3237836939399698
50.61411602369505 0.25379421236406036
51.72345789452294 0.19838379084471944
53.16079163682381 0.1590827315349534
54.40538013130309 0.12162129405900465
55.81464234419361 0.0919719722031706
56.58739730519302 0.07707537610578802
57.51866109237913 0.06289764546191015
59.60827227591096 0.0366516866412444
60.37198122664047 0.028864967560116438
61.10892323970656 0.02353331107673159
62.44751709123402 0.017555646835630608
62.89012280394293 0.013186376146287506
63.92836058862007 0.010219618197353965
64.60079189972427 0.008385330294114245
65.89585799617129 0.006549477978996262
65.9840351759516 0.005263976148213505
66.985926493226 0.004329739527402526
68.00125200071624 0.003447651997709436
68.57353842913255 0.002628727066367224
69.15813311214272 0.0021559451110970533
70.03051462422222 0.0017502489998544176
70.64114670045062 0.0013400759608715653
71.67392240981346 0.0010166551814919408
